1010101110111111011010111010101110101111
0000110001011111100000001110001110001001
0000000100111010011100000010011000101111
0100000100111001011011110000010100010110
0100101001110010011101101100111010111101
0001110011111101100100011111111110100111
1100111010101110000011011100001111000010
0101100010000000011001101110011100110110
0100000010100111100111110000110100010011
0000000000001011010000000000110000111100
0000111001101011111000010000101101111111
1001010000000010000011010010101011010000
0010100111110011110010100001100100001010
1100101100110001011011010100111111010010
0001101000001001101001110000100011101101
0010110100111100100001101010000110110101
0001011000000010110000100001001010101011
0010011011011011001001001011101000001111
0010010010100111101000101010111101101110
0010000110101011000001010100100110011000
0000101111100111101001100000110001111110
0100111100001010110110001110111000110111
0001001010110110101010000011010010010010
0111001100111001000110101010111010110011
0111000001101000110010011101011011011100
0011000011110011110001110011100110110010
0000111110100000111101100111010010011011
0000110100000010000000011000001000101011
0000010100001001110000000101101110101010
1011011110000100000011011000001101100110
0100001110010001100010101010000110010111
0000000001110010110001001100100000000110
0011100101110100011001101000101000110011
0010010100000110101101011100010110011011
0001011101101011000100110000010111110001
0000100110111100111000011000100110010111
0101010001010100110001111110011010101100
0010000100000100100000111001101001001100
1001101111100110100010110101001101110010
0000000111011110111100010011110001100001
0000011101000000000000100000000011101000
1000000110110101010010010110011101110100
1001000000101000111010110010101100111011
0001001010010100110100101110110110010111
0000111011000101010000111100100011111010
0010000000101111111000100100101110000111
1010101011111011001011000001011110001010
1000100110100100100011111101101000101100
0000110010011100000000110000000100001101
0000101000111111101001001011100010001011
1100110010110001111111011110111110101101
0110111101001111100111110111010111001101
0010010100111100010001011011000110100011
0001000000111100010111001101010001010001
0101110101011010011010010001101010010001
0010001100000101000001010001100110111000
0000011111000011111000011100100100010111
0010100011000011101010001101100100100111
0110011001100010001010101010111001100110
0000100101010000000000100000000100101010
0000111111111010100000011001011010001000
0000101010110100000010001001000001010000
0001110101011001010100101010111010111111
0000000111010001100000110001000000100110
